10 ITERAÇÕES

melhor: -16.88
[[-10.22, -13.17, -16.34, -16.34, -16.34, -16.34, -16.34, -16.88, -16.88, -16.88]]

Médias das iterações em 10 execuções:
[-13.303999999999998, -14.065000000000001, -14.863, -14.961999999999998, -15.327999999999998, -15.455000000000002, -15.455000000000002, -15.956999999999999, -15.969999999999999, -16.037]









20 ITERAÇÕES:

melhor: -16.88
[[-13.17, -13.17, -13.17, -13.17, -16.88, -16.88, -16.88, -16.88, -16.88, -16.88, -16.88, -16.88, -16.88, -16.88, -16.88, -16.88, -16.88, -16.88, -16.88, -16.88]]


Médias das iterações em 10 execuções:
[-11.59, -12.652999999999999, -13.239999999999998, -13.291999999999998, -13.793000000000001, -13.858, -14.276000000000002, -14.387, -14.423000000000002, -14.517000000000001, -14.517000000000001, -14.517000000000001, -14.8, -14.811000000000002, -14.889000000000001, -14.894, -14.894, -14.894, -14.959999999999999, -15.023000000000001]